0.996213 0.010023 0.000667
0.727240 0.242273 0.021255
0.305760 0.733127 0.029985
0.098204 0.954473 0.009456
0.072259 0.961283 0.009796
0.079339 0.948640 0.015627
0.155475 0.833645 0.029196
0.177056 0.479212 0.179174
0.368994 0.137325 0.250104
0.442267 0.137077 0.215228
0.708481 0.051124 0.172591
0.722306 0.062659 0.094203
0.525336 0.238419 0.074562
0.479238 0.281128 0.075442
0.725697 0.132366 0.061315
0.851609 0.080786 0.037428
0.832664 0.064322 0.062765
0.849846 0.129521 0.022350
0.824026 0.103576 0.035550
0.801798 0.164483 0.023399
0.482245 0.414397 0.052337
0.538836 0.339792 0.076723
0.701983 0.143881 0.076429
0.806433 0.153461 0.035197
0.692988 0.242103 0.022930
0.380000 0.844948 0.007255
0.211142 0.915051 0.007191
0.160698 0.892453 0.018483
0.509007 0.599716 0.017443
0.585934 0.161254 0.094805
0.826769 0.084818 0.033989
0.746008 0.102336 0.040668
0.353416 0.723126 0.013922
0.100689 0.909201 0.020249
0.042086 0.902212 0.053417
0.058612 0.780548 0.086582
0.075332 0.553853 0.221927
0.365035 0.398210 0.071230
0.710664 0.094302 0.068895
0.815817 0.041333 0.089312
0.831406 0.080484 0.034764
0.510736 0.084076 0.166953
0.204305 0.123364 0.264029
0.123802 0.248939 0.286227
0.110917 0.316763 0.223062
0.100900 0.289883 0.318754
0.185865 0.087147 0.404568
0.364001 0.075903 0.272327
0.370932 0.138262 0.215781
0.706506 0.045064 0.129878
0.643948 0.026554 0.170736
0.288915 0.100703 0.305501
0.274070 0.113355 0.350299
0.210305 0.076111 0.485050
0.151114 0.023484 0.791406
0.112051 0.014171 0.843496
0.050128 0.054762 0.798570
0.027976 0.318002 0.583188
0.010787 0.452579 0.632377
0.009705 0.260204 0.711225
0.009825 0.327576 0.728968
0.018176 0.608425 0.342186
0.034395 0.373918 0.459999
0.096292 0.274610 0.252493
0.228267 0.187651 0.215870
0.277566 0.076321 0.351410
0.124021 0.030120 0.804783
0.078850 0.094828 0.729245
0.137675 0.153022 0.475533
0.157889 0.147137 0.409369
0.282776 0.107348 0.328942
0.416712 0.032360 0.427568
0.355700 0.019427 0.608646
0.368054 0.074993 0.292649
0.645894 0.082376 0.078499
0.210466 0.114401 0.303090
0.093497 0.097133 0.453979
0.032370 0.198572 0.680655
0.036442 0.336021 0.396583
0.009480 0.100733 0.911722
0.018747 0.393845 0.521160
0.171801 0.317993 0.203470
0.304839 0.135738 0.218999
0.621089 0.034941 0.227245
0.811043 0.028938 0.098165
0.675696 0.086720 0.111688
0.816938 0.051325 0.077596
0.787829 0.048587 0.104099
0.750734 0.024466 0.157902
0.447038 0.120797 0.180244
0.146920 0.347207 0.161696
0.276564 0.184072 0.133954
0.153899 0.306889 0.247938
0.258944 0.394766 0.100841
0.409194 0.201363 0.120798
0.745537 0.105050 0.040857
0.797698 0.045999 0.060695
0.416658 0.109785 0.186901
0.244019 0.350064 0.156323
0.206608 0.467302 0.108270
0.297926 0.461357 0.067072
0.433284 0.203189 0.106407
0.726467 0.066563 0.079102
0.651605 0.073609 0.108194
0.621272 0.158845 0.045206
0.340191 0.350249 0.065759
0.166672 0.710676 0.047313
0.087401 0.902533 0.029345
0.100822 0.905387 0.011465
0.077941 0.896607 0.024742
0.124620 0.927553 0.007659
0.200692 0.791175 0.024537
0.306040 0.364891 0.060112
0.565998 0.073897 0.166086
0.844874 0.023216 0.079741
0.724280 0.005181 0.433514
0.466755 0.014483 0.464060
0.344253 0.025284 0.610929
0.287921 0.060294 0.438124
0.671449 0.025499 0.163369
0.200813 0.066933 0.562657
0.249429 0.145030 0.316018
0.175829 0.217737 0.335059
0.286607 0.223700 0.167239
0.164820 0.538249 0.111667
0.188686 0.538505 0.081848
0.095478 0.744225 0.067407
0.207051 0.691104 0.035173
0.225415 0.596350 0.026177
0.163056 0.626475 0.063307
0.125664 0.741604 0.061142
0.406000 0.426294 0.074986
0.649743 0.331699 0.026595
0.882355 0.151336 0.011530
0.858068 0.200523 0.009893
0.844988 0.255874 0.010856
0.639219 0.268032 0.036023
0.669149 0.367209 0.019406
0.241513 0.743714 0.022359
0.079584 0.972612 0.006080
0.148451 0.917436 0.011012
0.083394 0.835206 0.057514
0.121072 0.652430 0.082377
0.117363 0.412306 0.224846
0.133760 0.686603 0.061197
0.078625 0.763839 0.052091
0.031639 0.494491 0.313557
0.057786 0.424061 0.229051
0.053089 0.152219 0.713933
0.152421 0.405668 0.203864
0.406472 0.118915 0.212038
0.591599 0.138516 0.107891
0.030402 0.024657 0.125431
